##FastQC	0.11.8
>>Basic Statistics	pass
#Measure	Value
Filename	sampleId_1_2.fq.gz
File type	Conventional base calls
Encoding	Sanger / Illumina 1.9
Total Sequences	427732735
Sequences flagged as poor quality	0
Sequence length	150
%GC	40
>>END_MODULE
>>Per sequence quality scores	pass
#Quality	Count
2	3032.0
3	9378.0
4	8987.0
5	10199.0
6	11050.0
7	12282.0
8	13336.0
9	13010.0
10	13421.0
11	13205.0
12	14024.0
13	15521.0
14	20396.0
15	33046.0
16	79667.0
17	228294.0
18	495082.0
19	814076.0
20	1155218.0
21	1518507.0
22	1894403.0
23	2294166.0
24	2720422.0
25	3183597.0
26	3687803.0
27	4251141.0
28	4888885.0
29	5617103.0
30	6387110.0
31	7250123.0
32	8309148.0
33	9660709.0
34	11438131.0
35	13872391.0
36	17419980.0
37	23124658.0
38	34162717.0
39	65484822.0
40	197603695.0
>>END_MODULE
>>Per sequence GC content	warn
#GC Content	Count
0	3914.0
1	4338.0
2	5745.0
3	7795.5
4	9781.0
5	11453.5
6	13277.5
7	16104.0
8	19366.5
9	23458.5
10	29440.5
11	37551.0
12	50173.5
13	69789.0
14	100348.0
15	150506.5
16	233166.5
17	368096.5
18	572779.5
19	870602.0
20	1283008.5
21	1817760.5
22	2481905.0
23	3277413.5
24	4205691.0
25	5271636.5
26	6447469.5
27	7688311.5
28	8965824.0
29	10242387.5
30	11478496.5
31	12650005.0
32	13755641.5
33	14787846.0
34	15722970.5
35	16561024.5
36	17280964.5
37	17760785.0
38	17910399.5
39	17731462.5
40	17246573.5
41	16473119.5
42	15476101.0
43	14388888.0
44	13331432.5
45	12394136.0
46	11619005.0
47	10995370.0
48	10453375.0
49	9901182.5
50	9293304.5
51	8622131.5
52	7920435.0
53	7248632.5
54	6648082.5
55	6124010.5
56	5642899.5
57	5155641.5
58	4626348.0
59	4055085.5
60	3468148.5
61	2907782.5
62	2410323.0
63	1989240.0
64	1642484.5
65	1355791.5
66	1118000.5
67	918246.5
68	746997.0
69	604212.0
70	487815.5
71	395376.0
72	323060.5
73	267987.0
74	225994.5
75	192907.5
76	166890.5
77	147454.5
78	130237.5
79	111872.0
80	96205.0
81	82911.5
82	71300.5
83	60871.5
84	51045.0
85	41854.0
86	33538.5
87	26760.0
88	20781.5
89	16213.5
90	12702.0
91	9665.5
92	7409.0
93	5954.5
94	5101.5
95	4520.5
96	3938.5
97	3501.0
98	3506.0
99	4804.5
100	14926.0
>>END_MODULE
>>Sequence Length Distribution	pass
#Length	Count
150	427732735.0
>>END_MODULE
