##FastQC	0.11.8
>>Basic Statistics	pass
#Measure	Value
Filename	sampleId_1_1.fq.gz
File type	Conventional base calls
Encoding	Sanger / Illumina 1.9
Total Sequences	427732735
Sequences flagged as poor quality	0
Sequence length	150
%GC	40
>>END_MODULE
>>Per sequence quality scores	pass
#Quality	Count
13	10.0
14	19.0
15	78.0
16	389.0
17	2021.0
18	8012.0
19	25655.0
20	68501.0
21	144595.0
22	253104.0
23	402550.0
24	613826.0
25	913390.0
26	1329704.0
27	1874195.0
28	2552206.0
29	3340931.0
30	4226616.0
31	5217268.0
32	6328511.0
33	7594069.0
34	9106750.0
35	11027004.0
36	13695231.0
37	17921093.0
38	25909367.0
39	48455685.0
40	266721955.0
>>END_MODULE
>>Per sequence GC content	warn
#GC Content	Count
0	2242.0
1	2200.5
2	2523.5
3	3398.0
4	4449.5
5	5541.0
6	6946.5
7	9264.0
8	11933.5
9	15351.0
10	20740.5
11	28321.0
12	40444.0
13	59736.5
14	90224.0
15	140571.5
16	223996.0
17	360453.5
18	568721.5
19	869962.5
20	1287852.5
21	1832254.0
22	2504778.5
23	3306361.5
24	4244227.0
25	5318735.5
26	6498434.0
27	7744757.0
28	9025439.0
29	10304805.0
30	11534967.5
31	12695873.5
32	13800331.0
33	14836996.5
34	15781127.5
35	16636113.5
36	17376022.0
37	17868911.0
38	18018466.5
39	17830583.5
40	17326041.0
41	16516882.5
42	15475952.0
43	14342719.5
44	13253161.0
45	12307297.0
46	11529955.5
47	10916796.5
48	10397697.5
49	9861638.0
50	9266200.5
51	8598920.0
52	7893690.5
53	7223004.5
54	6629218.5
55	6113255.0
56	5642170.0
57	5163411.5
58	4631598.5
59	4049977.0
60	3454514.5
61	2884270.5
62	2379762.5
63	1958052.0
64	1614421.0
65	1331225.0
66	1095092.0
67	896617.5
68	726557.5
69	584720.0
70	468778.0
71	375784.0
72	302299.5
73	248328.0
74	208561.0
75	177562.5
76	153543.0
77	135716.0
78	120543.5
79	104325.0
80	89234.0
81	75808.5
82	64940.5
83	55204.5
84	45202.0
85	35509.5
86	26843.0
87	19699.5
88	13864.5
89	9827.0
90	6965.0
91	4684.0
92	3057.5
93	2028.5
94	1529.5
95	1328.0
96	1046.5
97	769.0
98	662.0
99	564.5
100	520.0
>>END_MODULE
>>Sequence Length Distribution	pass
#Length	Count
150	427732735.0
>>END_MODULE
